candidate_id,intention_mention_1,intention_mention_2,intention_mention_3,intention_mention_4,intention_mention_5,intention_mention_6,intention_mention_7,poll_type_id,population
MLP,16,18,15,12,37,2,,pt1,all
JB,18,15,16,11,38,2,,pt1,all
BR,10,19,32,17,20,2,,pt1,all
EP,9,19,29,20,21,2,,pt1,all
GD,5,22,27,19,25,2,,pt1,all
GA,7,18,26,23,24,2,,pt1,all
FR,5,13,33,23,24,2,,pt1,all
RG,5,13,36,20,25,1,,pt1,all
FH,4,14,25,22,33,2,,pt1,all
XB,3,15,33,24,23,2,,pt1,all
FRo,2,14,34,23,25,2,,pt1,all
EZ,6,9,16,16,52,1,,pt1,all
JLM,5,10,13,13,57,2,,pt1,all
BC,2,13,39,23,21,2,,pt1,all
OF,2,13,36,23,24,2,,pt1,all
JC,3,11,35,25,24,2,,pt1,all
FB,2,12,30,26,28,2,,pt1,all
YBP,3,10,40,21,24,2,,pt1,all
MBa,3,10,37,25,23,2,,pt1,all
BLM,2,11,32,24,29,2,,pt1,all
LW,2,10,35,23,28,2,,pt1,all
MT,4,7,33,23,31,2,,pt1,all
DL,3,6,46,21,22,2,,pt1,all